89
5 1
4 2
13 5
1000000000 50
1000000000 49
1000000000 40
1000000000 20
1000000000 1
1000000000 2
1000000000 3
1000000000 4
12345678 5
987654321 39
850631174 25
821724346 35
896737453 20
690526406 32
850139567 20
123456789 1
545023771 42
856849676 36
548664177 6
701407449 35
581795643 11
736038809 10
901047034 34
702128132 13
915161033 42
860078464 43
863368673 11
902707330 16
612766544 35
602123753 40
545304038 20
936381859 3
704027238 21
683308427 38
969888422 19
563882675 29
647032339 23
602071701 43
725331253 27
841611116 41
673725181 43
611317204 40
588525101 11
502232691 37
959774626 4
869230470 4
802681805 23
652955543 35
951360219 48
611916815 22
573496201 49
530481772 48
680753686 42
999999999 1
641786019 47
751609937 42
869457677 4
705121410 44
729468031 37
864307136 11
621124268 29
500000003 2
536870911 50
536870912 49
536870913 48
1 1
1 50
2 1
2 2
2 50
3 1
3 2
3 3
3 50
999999999 47
999999999 49
987654321 50
978653456 49
999999999 50
987654321 49
100000000 50
9999999 50
5 50
979597 49
1000000000 47
987946789 31